1.333521432163324e-05
4.216965034285822e-05
0.0001333521432163324
0.00042169650342858224
0.001333521432163324
0.0023713737056616554
0.004216965034285823
0.007498942093324558
0.01333521432163324
0.023713737056616554
0.042169650342858224
0.07498942093324558
0.1333521432163324
0.23713737056616552
0.7498942093324559
1.333521432163324
2.371373705661655
4.216965034285822
7.498942093324558
13.33521432163324
23.71373705661655
42.169650342858226
74.98942093324558
133.3521432163324
237.13737056616552
421.6965034285823
749.8942093324558
1333.521432163324
2371.373705661655
4216.965034285822
7498.942093324558
13335.21432163324
237137.37056616554
421696.5034285823
749894.2093324559
1333521.432163324
2371373.7056616554
